D:\Photos2\PF4.jpg
1080 1920

2 0 959.5 
0 2 539.5 
0 0 1 

0.999644 -0.00470358 0.0262746 
0.00470196 0.999989 0.000123591 
-0.0262749 7.35266e-013 0.999655 

1250.12

D:\Photos2\PF3.jpg
1080 1920

2 0 959.5 
0 2 539.5 
0 0 1 

0.999943 -0.00352799 0.0100471 
0.000833382 0.966554 0.25646 
-0.0106158 -0.256437 0.966502 

1251.63

D:\Photos2\PF2.jpg
1080 1920

2 0 959.5 
0 2 539.5 
0 0 1 

0.999808 -0.00165898 0.0195099 
-0.00928888 0.836957 0.547189 
-0.0172367 -0.547266 0.836781 

1251.36

D:\Photos2\PF1.jpg
1080 1920

2 0 959.5 
0 2 539.5 
0 0 1 

0.999824 -0.01731 0.00721257 
0.00567723 0.645975 0.763337 
-0.0178725 -0.763162 0.64596 

1253.94

D:\Photos2\PF5.jpg
1080 1920

2 0 959.5 
0 2 539.5 
0 0 1 

0.999692 0.0102431 0.02262 
-0.00149902 0.934186 -0.356782 
-0.0247858 0.356638 0.933914 

1247.15

