G: [[-7,-7,6.425923603555573E-4],[-7,-6,0.001703619795802574],[-7,-5,0.003887457243476127],[-7,-4,0.007635094218859962],[-7,-3,0.012906812580479862],[-7,-2,0.0187793014946844],[-7,-1,0.023517745856009097],[-7,0,0.02534940552272493],[-7,1,0.023517745856009097],[-7,2,0.0187793014946844],[-7,3,0.012906812580479862],[-7,4,0.007635094218859962],[-7,5,0.003887457243476127],[-7,6,0.001703619795802574],[-7,7,6.425923603555573E-4],[-6,-7,0.001703619795802574],[-6,-6,0.00451658094261267],[-6,-5,0.01030629917800075],[-6,-4,0.020241911445804398],[-6,-3,0.03421811831166605],[-6,-2,0.049787068367863965],[-6,-1,0.06234947668967343],[-6,0,0.06720551273974978],[-6,1,0.06234947668967343],[-6,2,0.049787068367863965],[-6,3,0.03421811831166605],[-6,4,0.020241911445804398],[-6,5,0.01030629917800075],[-6,6,0.00451658094261267],[-6,7,0.001703619795802574],[-5,-7,0.003887457243476127],[-5,-6,0.01030629917800075],[-5,-5,0.023517745856009107],[-5,-4,0.0461896283816801],[-5,-3,0.07808166600115317],[-5,-2,0.11360815367076377],[-5,-1,0.1422740715865136],[-5,0,0.15335496684492847],[-5,1,0.1422740715865136],[-5,2,0.11360815367076377],[-5,3,0.07808166600115317],[-5,4,0.0461896283816801],[-5,5,0.023517745856009107],[-5,6,0.01030629917800075],[-5,7,0.003887457243476127],[-4,-7,0.007635094218859962],[-4,-6,0.020241911445804398],[-4,-5,0.0461896283816801],[-4,-4,0.09071795328941251],[-4,-3,0.15335496684492847],[-4,-2,0.22313016014842982],[-4,-1,0.27943096822140734],[-4,0,0.30119421191220214],[-4,1,0.27943096822140734],[-4,2,0.22313016014842982],[-4,3,0.15335496684492847],[-4,4,0.09071795328941251],[-4,5,0.0461896283816801],[-4,6,0.020241911445804398],[-4,7,0.007635094218859962],[-3,-7,0.012906812580479862],[-3,-6,0.03421811831166605],[-3,-5,0.07808166600115317],[-3,-4,0.15335496684492847],[-3,-3,0.25924026064589156],[-3,-2,0.37719235356315695],[-3,-1,0.47236655274101474],[-3,0,0.5091564206075492],[-3,1,0.47236655274101474],[-3,2,0.37719235356315695],[-3,3,0.25924026064589156],[-3,4,0.15335496684492847],[-3,5,0.07808166600115317],[-3,6,0.03421811831166605],[-3,7,0.012906812580479862],[-2,-7,0.0187793014946844],[-2,-6,0.049787068367863965],[-2,-5,0.11360815367076377],[-2,-4,0.22313016014842982],[-2,-3,0.37719235356315695],[-2,-2,0.5488116360940265],[-2,-1,0.6872892787909722],[-2,0,0.7408182206817179],[-2,1,0.6872892787909722],[-2,2,0.5488116360940265],[-2,3,0.37719235356315695],[-2,4,0.22313016014842982],[-2,5,0.11360815367076377],[-2,6,0.049787068367863965],[-2,7,0.0187793014946844],[-1,-7,0.023517745856009097],[-1,-6,0.06234947668967343],[-1,-5,0.1422740715865136],[-1,-4,0.27943096822140734],[-1,-3,0.47236655274101474],[-1,-2,0.6872892787909722],[-1,-1,0.8607079764250578],[-1,0,0.9277434863285529],[-1,1,0.8607079764250578],[-1,2,0.6872892787909722],[-1,3,0.47236655274101474],[-1,4,0.27943096822140734],[-1,5,0.1422740715865136],[-1,6,0.06234947668967343],[-1,7,0.023517745856009097],[0,-7,0.02534940552272493],[0,-6,0.06720551273974978],[0,-5,0.15335496684492847],[0,-4,0.30119421191220214],[0,-3,0.5091564206075492],[0,-2,0.7408182206817179],[0,-1,0.9277434863285529],[0,0,1.0],[0,1,0.9277434863285529],[0,2,0.7408182206817179],[0,3,0.5091564206075492],[0,4,0.30119421191220214],[0,5,0.15335496684492847],[0,6,0.06720551273974978],[0,7,0.02534940552272493],[1,-7,0.023517745856009097],[1,-6,0.06234947668967343],[1,-5,0.1422740715865136],[1,-4,0.27943096822140734],[1,-3,0.47236655274101474],[1,-2,0.6872892787909722],[1,-1,0.8607079764250578],[1,0,0.9277434863285529],[1,1,0.8607079764250578],[1,2,0.6872892787909722],[1,3,0.47236655274101474],[1,4,0.27943096822140734],[1,5,0.1422740715865136],[1,6,0.06234947668967343],[1,7,0.023517745856009097],[2,-7,0.0187793014946844],[2,-6,0.049787068367863965],[2,-5,0.11360815367076377],[2,-4,0.22313016014842982],[2,-3,0.37719235356315695],[2,-2,0.5488116360940265],[2,-1,0.6872892787909722],[2,0,0.7408182206817179],[2,1,0.6872892787909722],[2,2,0.5488116360940265],[2,3,0.37719235356315695],[2,4,0.22313016014842982],[2,5,0.11360815367076377],[2,6,0.049787068367863965],[2,7,0.0187793014946844],[3,-7,0.012906812580479862],[3,-6,0.03421811831166605],[3,-5,0.07808166600115317],[3,-4,0.15335496684492847],[3,-3,0.25924026064589156],[3,-2,0.37719235356315695],[3,-1,0.47236655274101474],[3,0,0.5091564206075492],[3,1,0.47236655274101474],[3,2,0.37719235356315695],[3,3,0.25924026064589156],[3,4,0.15335496684492847],[3,5,0.07808166600115317],[3,6,0.03421811831166605],[3,7,0.012906812580479862],[4,-7,0.007635094218859962],[4,-6,0.020241911445804398],[4,-5,0.0461896283816801],[4,-4,0.09071795328941251],[4,-3,0.15335496684492847],[4,-2,0.22313016014842982],[4,-1,0.27943096822140734],[4,0,0.30119421191220214],[4,1,0.27943096822140734],[4,2,0.22313016014842982],[4,3,0.15335496684492847],[4,4,0.09071795328941251],[4,5,0.0461896283816801],[4,6,0.020241911445804398],[4,7,0.007635094218859962],[5,-7,0.003887457243476127],[5,-6,0.01030629917800075],[5,-5,0.023517745856009107],[5,-4,0.0461896283816801],[5,-3,0.07808166600115317],[5,-2,0.11360815367076377],[5,-1,0.1422740715865136],[5,0,0.15335496684492847],[5,1,0.1422740715865136],[5,2,0.11360815367076377],[5,3,0.07808166600115317],[5,4,0.0461896283816801],[5,5,0.023517745856009107],[5,6,0.01030629917800075],[5,7,0.003887457243476127],[6,-7,0.001703619795802574],[6,-6,0.00451658094261267],[6,-5,0.01030629917800075],[6,-4,0.020241911445804398],[6,-3,0.03421811831166605],[6,-2,0.049787068367863965],[6,-1,0.06234947668967343],[6,0,0.06720551273974978],[6,1,0.06234947668967343],[6,2,0.049787068367863965],[6,3,0.03421811831166605],[6,4,0.020241911445804398],[6,5,0.01030629917800075],[6,6,0.00451658094261267],[6,7,0.001703619795802574],[7,-7,6.425923603555573E-4],[7,-6,0.001703619795802574],[7,-5,0.003887457243476127],[7,-4,0.007635094218859962],[7,-3,0.012906812580479862],[7,-2,0.0187793014946844],[7,-1,0.023517745856009097],[7,0,0.02534940552272493],[7,1,0.023517745856009097],[7,2,0.0187793014946844],[7,3,0.012906812580479862],[7,4,0.007635094218859962],[7,5,0.003887457243476127],[7,6,0.001703619795802574],[7,7,6.425923603555573E-4]];

draw3d(
		xtics = 'none,
		ytics = 'none,
		ztics = 'none,
	point_size = 0.5,
         point_type = filled_circle,
        color=blue,
				points(G));
